0 24
11 64
24 96
84 69
97 83
47 48
27 22
86 53
6 6
0 78
78 29
73 81
77 59
85 49
63 83
18 49
76 71
38 9
67 92
54 41
92 52
2 59
88 16
77 42
14 86
57 50
81 18
40 87
19 48
73 44
14 99
22 18
61 62
9 39
99 13
88 71
29 60
54 36
18 88
51 67
2 65
68 65
76 15
9 23
60 65
1 8
91 26
46 43
20 10
46 83
10 43
57 93
12 1
61 46
19 12
99 56
41 3
55 35
47 6
62 94
50 60
72 24
50 76
48 54
37 13
56 49
81 79
41 94
6 36
56 56
46 53
64 1
63 33
35 74
82 42
26 45
20 77
40 51
86 77
21 12
72 52
63 61
92 38
31 43
44 43
53 44
39 65
56 1
80 68
36 80
60 54
92 19
98 67
37 16
57 58
14 51
28 4
20 64
32 51
63 63
90 94
55 33
23 42
5 98
9 58
2 92
76 50
54 47
52 20
95 91
57 31
16 47
92 62
15 67
86 33
65 45
78 80
35 27
18 74
43 46
66 59
3 49
23 89
41 73
73 6
83 0
60 76
31 52
42 19
6 42
49 87
49 82
16 41
49 70
85 59
2 89
19 1
59 37
81 80
16 57
91 68
24 63
35 23
51 89
65 80
56 44
33 60
66 59
72 14
2 6
70 81
1 100
6 79
29 99
3 32
8 1
92 81
33 5
73 50
94 76
56 15
76 88
66 81
21 0
66 83
95 51
85 61
91 66
38 15
46 41
22 95
78 10
86 83
41 15
57 80
17 27
91 70
2 77
13 87
36 22
16 83
80 67
78 33
72 79
69 42
8 36
77 55
95 63
99 47
35 16
89 31
47 33
21 91
80 90
66 60
90 67
77 65
75 75
59 1
27 46
33 62
65 66
79 36
74 97
59 62
8 58
81 38
73 15
100 37
11 61
69 18
32 59
49 25
97 12
14 6
26 51
86 1
56 49
77 93
16 25
19 25
55 7
55 74
1 57
100 22
89 48
63 92
79 38
75 65
18 95
36 21
24 85
46 56
90 80
30 15
93 69
6 35
64 9
47 86
85 22
55 39
86 22
65 95
15 4
61 46
58 42
38 55
61 20
37 33
73 58
32 29
44 81
72 79
21 83
56 88
26 92
10 31
17 64
100 64
88 19
58 93
34 12
79 22
76 19
24 71
56 99
29 23
61 65
6 48
43 35
69 13
82 14
44 45
87 90
77 44
35 68
2 40
59 91
33 31
38 30
99 9
18 44
61 22
46 67
39 69
59 37
69 19
14 45
81 79
82 48
19 54
16 92
6 95
45 46
23 56
76 71
50 29
25 57
82 15
56 6
24 72
48 23
21 76
67 91
14 73
26 82
31 65
78 61
19 77
52 53
27 11
38 95
56 23
18 14
93 3
22 64
25 15
44 6
38 94
46 82
68 70
93 56
62 66
3 53
87 3
16 51
59 99
77 93
53 62
4 27
85 22
41 83
66 53
61 60
85 12
25 81
61 24
64 73
60 44
44 57
100 12
4 86
44 57
6 8
75 69
61 78
59 0
62 11
95 72
27 83
88 98
95 25
57 25
66 46
65 13
22 16
32 0
4 77
93 61
0 72
50 13
27 99
69 7
28 52
78 24
11 24
50 78
23 8
63 92
39 26
27 36
40 95
10 19
59 72
77 89
25 41
47 62
6 17
29 96
46 33
59 15
41 27
93 23
64 25
50 93
38 47
45 51
97 51
40 73
44 18
61 83
89 13
55 51
37 0
94 25
25 25
48 20
89 82
62 79
52 49
18 97
25 10
30 45
6 91
4 20
39 73
60 89
40 71
31 76
51 90
40 83
19 98
24 45
48 8
92 92
35 50
55 60
57 51
49 65
74 99
83 68
5 64
19 100
24 41
98 78
58 45
16 8
9 98
69 26
26 23
79 53
32 11
64 60
1 37
6 93
0 38
50 42
85 92
92 98
67 69
45 52
72 4
31 85
89 41
44 22
24 96
46 10
45 38
70 13
52 4
75 32
26 55
46 92
41 69
59 80
7 61
31 42
17 1
32 81
42 43
100 100
43 43
10 10
3 1
81 65
9 11
6 95
77 66
5 93
42 96
98 50
99 59
58 13
8 93
52 23
51 18
83 71
66 24
21 66
90 6
57 29
15 1
98 39
80 72
77 86
98 79
65 57
30 46
88 6
22 97
13 97
6 98
3 86
46 12
72 36
96 35
24 17
40 35
31 66
38 73
95 94
20 65
66 29
40 62
81 96
1 1
21 9
36 7
61 3
70 7
40 60
17 92
91 72
83 8
40 89
46 56
42 37
2 6
100 74
45 39
33 59
66 65
30 67
82 99
29 63
44 53
74 0
94 20
34 30
38 12
59 40
46 28
54 52
50 13
43 56
43 29
25 61
57 40
48 27
30 28
44 97
25 4
87 54
64 58
79 82
22 31
5 48
84 67
17 94
58 14
5 46
37 56
1 87
80 37
97 84
83 38
42 68
36 96
42 6
84 23
40 30
42 94
86 69
62 91
62 48
75 49
76 66
90 22
17 80
90 98
81 88
77 66
92 31
3 26
95 21
61 48
70 74
36 35
91 27
26 21
13 86
30 19
5 88
4 73
56 26
81 75
47 65
27 67
42 5
16 8
60 65
4 80
74 73
23 28
88 61
15 73
36 88
73 20
87 27
86 51
70 6
2 54
77 71
61 95
14 85
100 24
42 41
11 96
82 78
38 61
37 21
86 100
92 18
78 44
60 40
97 6
71 26
25 24
99 79
50 58
28 80
93 35
46 41
85 30
59 59
6 9
91 5
86 24
49 88
63 54
40 1
62 6
91 33
3 96
49 14
72 81
21 22
87 73
28 69
67 83
92 13
49 87
77 89
83 52
47 68
66 94
88 34
0 69
27 3
19 75
4 19
94 32
26 61
88 95
93 14
85 18
5 46
81 79
46 45
15 40
60 14
24 7
50 55
40 77
19 73
87 84
67 67
88 73
96 67
78 96
29 93
68 24
53 50
41 87
26 16
82 40
21 100
50 95
24 6
26 83
70 26
54 28
62 100
72 17
12 88
80 26
45 51
57 14
78 85
48 94
67 72
42 75
86 38
97 11
19 82
45 97
68 83
64 16
96 88
73 83
12 27
16 83
12 1
90 67
34 28
73 70
15 52
40 1
47 76
23 85
10 83
7 20
48 74
92 24
87 35
34 41
10 95
54 98
66 74
28 60
75 27
94 58
61 59
39 41
33 32
74 77
11 18
88 34
35 8
72 44
75 64
99 85
32 21
12 89
88 54
57 1
53 41
85 39
93 69
17 15
5 57
72 88
42 65
84 24
72 56
71 48
64 24
38 45
71 50
6 46
33 35
37 95
26 53
15 96
90 57
30 25
51 8
40 54
1 61
26 50
31 0
64 43
20 25
27 97
57 25
53 74
38 43
0 40
72 9
39 83
8 49
75 47
4 65
70 52
28 57
20 61
97 13
20 28
3 53
96 94
12 27
65 15
66 68
24 41
26 38
31 98
47 80
40 36
20 26
42 5
71 58
26 45
35 89
90 31
5 60
34 42
62 73
75 67
42 40
3 53
54 97
49 64
38 64
35 55
1 2
4 53
93 38
81 96
54 21
55 45
62 1
90 65
53 22
12 46
2 91
95 5
97 64
63 17
77 2
16 15
68 20
70 1
2 82
18 37
41 26
72 83
44 76
49 51
85 82
10 78
88 46
8 39
0 50
79 4
32 42
28 59
70 15
85 65
5 56
82 58
71 35
32 86
18 80
92 32
56 32
25 36
18 0
53 98
39 45
91 42
5 76
93 7
29 28
82 8
69 58
91 85
45 58
100 19
60 1
22 81
34 85
33 35
98 50
99 44
80 62
21 44
2 38
47 70
53 8
39 37
62 54
29 94
25 26
7 95
9 93
75 1
13 31
64 89
28 49
33 11
44 13
97 41
89 31
86 92
83 68
62 49
70 14
75 17
74 68
47 100
5 3
78 90
70 24
90 9
31 97
92 76
93 19
25 79
74 66
4 29
16 30
10 84
49 31
18 85
44 33
17 96
23 27
65 8
51 52
22 0
36 2
56 51
42 40
39 62
11 90
10 23
34 52
58 8
11 8
76 25
59 1
82 3
51 85
59 55
49 15
23 70
24 26
10 28
21 8
83 65
91 9
88 55
97 59
63 69
88 49
74 0
63 18
70 78
45 83
14 34
18 67
59 37
59 7
59 35
11 7
41 76
34 65
20 34
82 51
6 77
34 4
23 66
21 87
74 51
16 18
66 96
55 78
12 67
47 22
66 2
58 55
3 92
74 44
93 82
18 69
71 46
71 96
22 51
13 81
72 35
60 67
54 56
49 64
43 69
31 27
55 28
15 6
26 7
47 16
0 18
16 80
56 57
44 71
41 30
65 46
19 78
59 33
10 50
70 19
22 61
98 42
34 9
77 78
63 88
58 12
4 75
62 49
66 87
55 86
59 72
